
power = 3005.66073384218
throughput = 3175.49
composite = 3089.40861714803
